K-Means

Avg_Silhouette_Value
 [1,]            0.0000000
 [2,]            0.4426612
 [3,]            0.3498366
 [4,]            0.2846568
 [5,]            0.2467864
 [6,]            0.2058784
 [7,]            0.2058655
 [8,]            0.1810955
 [9,]            0.1813643
[10,]            0.1800818
[11,]            0.1746161
[12,]            0.1688186

      CH_Value
 [1,]     0.000
 [2,] 17069.092
 [3,] 16038.181
 [4,] 14201.274
 [5,] 12702.505
 [6,] 11221.061
 [7,] 10214.570
 [8,]  9343.489
 [9,]  8702.245
[10,]  8166.977
[11,]  7692.275
[12,]  7299.124

     DB_Value
 [1,] 0.000000
 [2,] 1.081869
 [3,] 1.151354
 [4,] 1.238963
 [5,] 1.304350
 [6,] 1.390553
 [7,] 1.398113
 [8,] 1.430208
 [9,] 1.438864
[10,] 1.445038
[11,] 1.456389
[12,] 1.455533

pam

     Avg_Silhouette_Value
 [1,]            0.0000000
 [2,]            0.4154057
 [3,]            0.3345021
 [4,]            0.2674630
 [5,]            0.2338147
 [6,]            0.1953991
 [7,]            0.1943923
 [8,]            0.1617026
 [9,]            0.1618947
[10,]            0.1532964
[11,]            0.1533623
[12,]            0.1422549

     CH_Value
 [1,]     0.000
 [2,] 16256.456
 [3,] 15800.335
 [4,] 13752.122
 [5,] 12570.232
 [6,] 11082.766
 [7,] 10063.517
 [8,]  8945.876
 [9,]  8281.811
[10,]  7681.433
[11,]  7332.809
[12,]  6888.222

     DB_Value
 [1,] 0.000000
 [2,] 1.112971
 [3,] 1.179363
 [4,] 1.283845
 [5,] 1.330644
 [6,] 1.414519
 [7,] 1.419715
 [8,] 1.474488
 [9,] 1.471997
[10,] 1.494304
[11,] 1.479536
[12,] 1.507237

agnes

     Avg_Silhouette_Value
 [1,]            0.0000000
 [2,]            0.4367166
 [3,]            0.2791385
 [4,]            0.2730360
 [5,]            0.2224954
 [6,]            0.1620162
 [7,]            0.1371982
 [8,]            0.1332062
 [9,]            0.1281304
[10,]            0.1250746
[11,]            0.1177214
[12,]            0.1057450

       CH_Value
 [1,]     0.000
 [2,] 16522.230
 [3,] 12568.341
 [4,] 12559.219
 [5,] 11044.921
 [6,] 10143.002
 [7,]  8999.968
 [8,]  8203.372
 [9,]  7637.314
[10,]  7090.748
[11,]  6619.664
[12,]  6223.330

     DB_Value
 [1,] 0.000000
 [2,] 1.090754
 [3,] 1.251183
 [4,] 1.202218
 [5,] 1.345623
 [6,] 1.461130
 [7,] 1.509051
 [8,] 1.505056
 [9,] 1.513848
[10,] 1.513054
[11,] 1.547522
[12,] 1.578739