K-means

     Avg_Silhouette_Value
 [1,]            0.0000000
 [2,]            0.3911700
 [3,]            0.2810739
 [4,]            0.2541852
 [5,]            0.2261790
 [6,]            0.2156582
 [7,]            0.2015936
 [8,]            0.2044180
 [9,]            0.2018417
[10,]            0.1972725
[11,]            0.1910688
[12,]            0.1808919

       CH_Value
 [1,]     0.000
 [2,] 12744.753
 [3,]  9899.570
 [4,]  8480.390
 [5,]  7609.752
 [6,]  7016.327
 [7,]  6409.275
 [8,]  6023.733
 [9,]  5700.569
[10,]  5368.456
[11,]  5131.587
[12,]  4889.119

     DB_Value
 [1,] 0.000000
 [2,] 1.187402
 [3,] 1.335817
 [4,] 1.368732
 [5,] 1.360875
 [6,] 1.380629
 [7,] 1.387600
 [8,] 1.381630
 [9,] 1.378878
[10,] 1.391669
[11,] 1.374699
[12,] 1.397773

pam

      Avg_Silhouette_Value
 [1,]            0.0000000
 [2,]            0.3871283
 [3,]            0.2672747
 [4,]            0.2588168
 [5,]            0.2240436
 [6,]            0.2143963
 [7,]            0.2034883
 [8,]            0.1899395
 [9,]            0.1940885
[10,]            0.1914478
[11,]            0.1757060
[12,]            0.1645795

      CH_Value
 [1,]     0.000
 [2,] 12693.728
 [3,]  9808.340
 [4,]  8381.317
 [5,]  7488.398
 [6,]  6960.834
 [7,]  6301.314
 [8,]  5879.159
 [9,]  5627.490
[10,]  5292.219
[11,]  5010.225
[12,]  4706.113

     DB_Value
 [1,] 0.000000
 [2,] 1.195321
 [3,] 1.367800
 [4,] 1.352875
 [5,] 1.363883
 [6,] 1.389054
 [7,] 1.418627
 [8,] 1.430902
 [9,] 1.385940
[10,] 1.400778
[11,] 1.412678
[12,] 1.450133

agnes

     Avg_Silhouette_Value
 [1,]            0.0000000
 [2,]            0.3224173
 [3,]            0.2503859
 [4,]            0.1582236
 [5,]            0.1658228
 [6,]            0.1570744
 [7,]            0.1452672
 [8,]            0.1482038
 [9,]            0.1386001
[10,]            0.1298152
[11,]            0.1176827
[12,]            0.1179909

      CH_Value
 [1,]     0.000
 [2,] 10168.251
 [3,]  8765.356
 [4,]  6830.209
 [5,]  5997.963
 [6,]  5480.337
 [7,]  5208.078
 [8,]  4961.579
 [9,]  4655.055
[10,]  4377.247
[11,]  4160.002
[12,]  3988.066

     DB_Value
 [1,] 0.000000
 [2,] 1.281215
 [3,] 1.400381
 [4,] 1.518649
 [5,] 1.490519
 [6,] 1.461189
 [7,] 1.440642
 [8,] 1.468002
 [9,] 1.447191
[10,] 1.425980
[11,] 1.474892
[12,] 1.476539