K-Means

     Avg_Silhouette_Value
 [1,]            0.0000000
 [2,]            0.6294696
 [3,]            0.5202700
 [4,]            0.4923516
 [5,]            0.4201626
 [6,]            0.3856834
 [7,]            0.3928098
 [8,]            0.3476745
 [9,]            0.3253269
[10,]            0.3142196
[11,]            0.3199781
[12,]            0.3142046

     CH_Value
 [1,]     0.00
 [2,] 25499.99
 [3,] 29952.94
 [4,] 29134.63
 [5,] 26598.05
 [6,] 24702.88
 [7,] 23282.47
 [8,] 21781.25
 [9,] 20599.85
[10,] 19612.49
[11,] 18677.31
[12,] 17920.15

      DB_Value
 [1,] 0.0000000
 [2,] 0.8322372
 [3,] 0.8760171
 [4,] 0.9940484
 [5,] 1.1105703
 [6,] 1.1660217
 [7,] 1.1845612
 [8,] 1.2317363
 [9,] 1.2491822
[10,] 1.2654948
[11,] 1.2665839
[12,] 1.2642887

Pam

     Avg_Silhouette_Value
 [1,]            0.0000000
 [2,]            0.4627646
 [3,]            0.5102284
 [4,]            0.4036795
 [5,]            0.3961987
 [6,]            0.3252386
 [7,]            0.3042447
 [8,]            0.2737357
 [9,]            0.2211658
[10,]            0.2270739
[11,]            0.2177773
[12,]            0.2183856

     CH_Value
 [1,]     0.00
 [2,] 15405.42
 [3,] 28963.06
 [4,] 25106.84
 [5,] 26003.04
 [6,] 23236.54
 [7,] 21479.54
 [8,] 19902.14
 [9,] 17764.72
[10,] 18105.29
[11,] 17342.77
[12,] 17000.58

      DB_Value
 [1,] 0.0000000
 [2,] 0.9805536
 [3,] 0.8731045
 [4,] 1.0528838
 [5,] 1.0892307
 [6,] 1.1840720
 [7,] 1.2390868
 [8,] 1.3064536
 [9,] 1.3536940
[10,] 1.3395885
[11,] 1.3575456
[12,] 1.3477260

Ward

     Avg_Silhouette_Value
 [1,]            0.0000000
 [2,]            0.5667276
 [3,]            0.5197734
 [4,]            0.4111782
 [5,]            0.4026733
 [6,]            0.3106466
 [7,]            0.3030499
 [8,]            0.2966184
 [9,]            0.2942213
[10,]            0.2714604
[11,]            0.2373518
[12,]            0.2364763

     CH_Value
 [1,]     0.00
 [2,] 22761.76
 [3,] 21828.76
 [4,] 23900.41
 [5,] 22659.89
 [6,] 20830.81
 [7,] 19271.63
 [8,] 18326.21
 [9,] 17730.39
[10,] 17058.95
[11,] 16096.46
[12,] 15331.60

      DB_Value
 [1,] 0.0000000
 [2,] 0.9434087
 [3,] 0.9223049
 [4,] 1.0396831
 [5,] 1.1936662
 [6,] 1.2205924
 [7,] 1.2386034
 [8,] 1.2673075
 [9,] 1.2636900
[10,] 1.3214830
[11,] 1.3755824
[12,] 1.3818498