K-Means

     Avg_Silhouette_Value
 [1,]            0.0000000
 [2,]            0.4338680
 [3,]            0.4526488
 [4,]            0.3545657
 [5,]            0.3552624
 [6,]            0.3621135
 [7,]            0.3695326
 [8,]            0.3270285
 [9,]            0.3252792
[10,]            0.3202824
[11,]            0.3017909
[12,]            0.2886375

     CH_Value
 [1,]     0.00
 [2,] 16108.64
 [3,] 19892.24
 [4,] 17512.17
 [5,] 16327.71
 [6,] 15545.03
 [7,] 14876.50
 [8,] 14302.26
 [9,] 13832.75
[10,] 13200.62
[11,] 12589.01
[12,] 12083.75

      DB_Value
 [1,] 0.0000000
 [2,] 1.0804997
 [3,] 0.9705069
 [4,] 1.1388234
 [5,] 1.1753517
 [6,] 1.1630238
 [7,] 1.1910152
 [8,] 1.1822254
 [9,] 1.1815914
[10,] 1.2052931
[11,] 1.2350731
[12,] 1.2294142

Pam

     Avg_Silhouette_Value
 [1,]            0.0000000
 [2,]            0.4240988
 [3,]            0.4531161
 [4,]            0.3591982
 [5,]            0.3498884
 [6,]            0.3595791
 [7,]            0.3163919
 [8,]            0.2697691
 [9,]            0.2766238
[10,]            0.2874390
[11,]            0.2792081
[12,]            0.2538977

     CH_Value
 [1,]     0.00
 [2,] 14433.36
 [3,] 19865.92
 [4,] 17278.48
 [5,] 16150.58
 [6,] 15374.62
 [7,] 14195.77
 [8,] 12954.27
 [9,] 12453.11
[10,] 12635.15
[11,] 12228.47
[12,] 11481.08

      DB_Value
 [1,] 0.0000000
 [2,] 1.0228855
 [3,] 0.9656686
 [4,] 1.1192074
 [5,] 1.1770658
 [6,] 1.1584729
 [7,] 1.1577196
 [8,] 1.2359933
 [9,] 1.2240861
[10,] 1.2242502
[11,] 1.2346267
[12,] 1.2704701

Ward

    Avg_Silhouette_Value
 [1,]            0.0000000
 [2,]            0.3695553
 [3,]            0.3985920
 [4,]            0.3557112
 [5,]            0.2859116
 [6,]            0.2826828
 [7,]            0.2444685
 [8,]            0.2578383
 [9,]            0.2586485
[10,]            0.2593965
[11,]            0.2559906
[12,]            0.2608509

     CH_Value
 [1,]     0.00
 [2,] 10498.22
 [3,] 14457.15
 [4,] 15755.95
 [5,] 14333.09
 [6,] 12950.83
 [7,] 12228.45
 [8,] 11763.81
 [9,] 11174.60
[10,] 10823.67
[11,] 10594.71
[12,] 10255.06

      DB_Value
 [1,] 0.0000000
 [2,] 0.9938539
 [3,] 0.9114169
 [4,] 1.1597258
 [5,] 1.2159205
 [6,] 1.3444751
 [7,] 1.3335854
 [8,] 1.3189606
 [9,] 1.3137350
[10,] 1.2903902
[11,] 1.3131437
[12,] 1.3379120