K-Means

     Avg_Silhouette_Value
 [1,]            0.0000000
 [2,]            0.4568356
 [3,]            0.4642347
 [4,]            0.3810687
 [5,]            0.3694892
 [6,]            0.3775208
 [7,]            0.3386716
 [8,]            0.3473307
 [9,]            0.3394297
[10,]            0.3315704
[11,]            0.3027339
[12,]            0.3071624

     CH_Value
 [1,]     0.00
 [2,] 18326.07
 [3,] 21658.31
 [4,] 19751.59
 [5,] 18156.33
 [6,] 16731.43
 [7,] 15948.20
 [8,] 15490.50
 [9,] 14611.38
[10,] 13869.64
[11,] 13264.60
[12,] 12791.73

      DB_Value
 [1,] 0.0000000
 [2,] 1.0262136
 [3,] 0.9561062
 [4,] 1.0735024
 [5,] 1.1520241
 [6,] 1.1604738
 [7,] 1.1639999
 [8,] 1.1875780
 [9,] 1.2060449
[10,] 1.2125804
[11,] 1.2176183
[12,] 1.2309593

Pam

      Avg_Silhouette_Value
 [1,]            0.0000000
 [2,]            0.4518328
 [3,]            0.4641175
 [4,]            0.3834911
 [5,]            0.3228820
 [6,]            0.3254162
 [7,]            0.2835156
 [8,]            0.2828816
 [9,]            0.2953497
[10,]            0.2995909
[11,]            0.2583816
[12,]            0.2333934

      CH_Value
 [1,]     0.00
 [2,] 17085.81
 [3,] 21598.50
 [4,] 19655.22
 [5,] 16827.63
 [6,] 16488.35
 [7,] 14580.57
 [8,] 14199.16
 [9,] 13830.40
[10,] 13637.74
[11,] 12792.51
[12,] 11904.51

      DB_Value
 [1,] 0.0000000
 [2,] 0.9888351
 [3,] 0.9540530
 [4,] 1.0687730
 [5,] 1.1754386
 [6,] 1.2133967
 [7,] 1.2880721
 [8,] 1.2983257
 [9,] 1.2434614
[10,] 1.2363648
[11,] 1.2811965
[12,] 1.3118172

Ward

     Avg_Silhouette_Value
 [1,]            0.0000000
 [2,]            0.4357950
 [3,]            0.3777555
 [4,]            0.3178254
 [5,]            0.2685073
 [6,]            0.2724755
 [7,]            0.2901600
 [8,]            0.2834171
 [9,]            0.2810876
[10,]            0.2728558
[11,]            0.2325035
[12,]            0.2307958

     CH_Value
 [1,]     0.00
 [2,] 17227.15
 [3,] 15092.20
 [4,] 16089.79
 [5,] 15264.43
 [6,] 14335.83
 [7,] 13598.06
 [8,] 12888.12
 [9,] 12134.22
[10,] 11557.21
[11,] 11033.20
[12,] 10578.89

     DB_Value
 [1,] 0.000000
 [2,] 1.066243
 [3,] 1.039564
 [4,] 1.050978
 [5,] 1.172132
 [6,] 1.232173
 [7,] 1.236466
 [8,] 1.278729
 [9,] 1.276478
[10,] 1.309415
[11,] 1.326861
[12,] 1.333092