K-means

     Avg_Silhouette_Value
 [1,]            0.0000000
 [2,]            0.4535960
 [3,]            0.3569330
 [4,]            0.2916625
 [5,]            0.2463955
 [6,]            0.2034378
 [7,]            0.1951951
 [8,]            0.1776505
 [9,]            0.1704463
[10,]            0.1701609
[11,]            0.1594000
[12,]            0.1513135

      CH_Value
 [1,]     0.000
 [2,] 19077.664
 [3,] 17975.064
 [4,] 15676.449
 [5,] 13768.750
 [6,] 12044.459
 [7,] 10712.174
 [8,]  9724.731
 [9,]  8971.796
[10,]  8369.651
[11,]  7807.560
[12,]  7337.198

     DB_Value
 [1,] 0.000000
 [2,] 1.044030
 [3,] 1.139461
 [4,] 1.244484
 [5,] 1.336468
 [6,] 1.423644
 [7,] 1.451148
 [8,] 1.478311
 [9,] 1.501058
[10,] 1.512399
[11,] 1.512217
[12,] 1.531822

pam

     Avg_Silhouette_Value
 [1,]            0.0000000
 [2,]            0.4403278
 [3,]            0.3532053
 [4,]            0.2856909
 [5,]            0.2400336
 [6,]            0.2048332
 [7,]            0.1723174
 [8,]            0.1603496
 [9,]            0.1609893
[10,]            0.1566010
[11,]            0.1470140
[12,]            0.1368786

      CH_Value
 [1,]     0.000
 [2,] 18798.296
 [3,] 17851.445
 [4,] 15412.536
 [5,] 13625.181
 [6,] 11671.281
 [7,] 10530.610
 [8,]  9551.412
 [9,]  8770.643
[10,]  8168.013
[11,]  7656.222
[12,]  7120.467

     DB_Value
 [1,] 0.000000
 [2,] 1.063904
 [3,] 1.145836
 [4,] 1.257926
 [5,] 1.352118
 [6,] 1.460832
 [7,] 1.493071
 [8,] 1.522167
 [9,] 1.523205
[10,] 1.531696
[11,] 1.547033
[12,] 1.560059

agnes

     Avg_Silhouette_Value
 [1,]            0.0000000
 [2,]            0.4634721
 [3,]            0.3165308
 [4,]            0.2508243
 [5,]            0.2144570
 [6,]            0.1566806
 [7,]            0.1574035
 [8,]            0.1343635
 [9,]            0.1265064
[10,]            0.1243832
[11,]            0.1170094
[12,]            0.1041126

      CH_Value
 [1,]     0.000
 [2,] 16740.211
 [3,] 16477.880
 [4,] 13794.107
 [5,] 12510.869
 [6,] 10841.699
 [7,]  9537.498
 [8,]  8586.861
 [9,]  7897.090
[10,]  7351.757
[11,]  6838.088
[12,]  6421.592

      DB_Value
 [1,] 0.0000000
 [2,] 0.9903257
 [3,] 1.2017668
 [4,] 1.3147260
 [5,] 1.3901457
 [6,] 1.5006766
 [7,] 1.4896383
 [8,] 1.5000257
 [9,] 1.5445246
[10,] 1.5720445
[11,] 1.5649291
[12,] 1.5744161